$ 1 0.000005 10.20027730826997 49 10 62 5e-11
v 112 368 112 48 0 0 40 5 0 0 0.5
w 112 48 240 48 0
r 368 128 368 208 0 330
r 368 208 368 288 0 330
w 112 368 240 368 0
w 240 48 304 128 0
w 240 368 304 288 0
r 416 208 416 288 0 33000
r 160 176 160 288 0 33000
O 368 128 432 128 1 0
O 416 208 480 208 1 3
r 240 208 240 128 0 330
174 208 144 160 192 1 100000 0.005 Resistance
p 240 208 368 208 3 0 0
w 240 208 208 208 0
r 240 288 240 208 0 330
w 160 288 240 288 0
w 416 288 368 288 0
w 416 208 368 208 0
w 240 128 304 128 0
w 304 128 368 128 0
w 240 288 304 288 0
w 304 288 368 288 0
x 125 120 290 123 4 24 Digipot\shere....
