$ 1 0.0000049999999999999996 10.20027730826997 50 5 50 5e-11
v 960 688 960 576 0 2 4000 2.5 2.5 0 0.25
r 960 576 1152 576 0 1000
v 1680 640 1680 464 0 0 40 5 0 0 0.5
w 1680 464 1392 464 0
r 1392 464 1472 560 0 330
r 1392 464 1328 560 0 330
r 1328 560 1392 688 0 330
r 1472 560 1392 688 0 330
w 1472 688 1680 688 0
w 1680 640 1680 688 0
f 1152 576 1248 576 32 1.5 0.02
r 1152 576 1152 688 0 470
w 960 688 1152 688 0
w 1248 592 1248 688 0
w 1248 688 1392 688 0
r 1248 560 1328 560 0 33000
p 1328 560 1472 560 3 0 0
c 1376 592 1424 592 0 0.000009999999999999999 0.009409006682788768 0.001
w 1424 592 1472 560 0
w 1376 592 1328 560 0
r 1472 560 1472 688 0 33000
w 1392 688 1472 688 0
o 0 64 0 4099 10 0.0125 0 2 0 3
o 16 16 0 4098 0.009765625 0.1 1 1
38 0 F1 5 0 100 -1 Duty\sCycle
