$ 1 0.000005 10.20027730826997 49 10 62 5e-11
v -96 368 -96 48 0 0 40 5 0 0 0.5
w -96 48 240 48 0
r 368 128 368 208 0 330
r 368 208 368 288 0 330
w -96 368 240 368 0
w 240 48 304 128 0
w 240 368 304 288 0
r 416 208 416 288 0 33000
r 160 224 160 288 0 33000
O 368 128 432 128 1 0
O 464 208 528 208 1 0
r 240 208 240 128 0 330
p 240 208 368 208 3 0 0
w 240 208 208 208 0
r 240 288 240 208 0 330
w 160 288 240 288 0
w 416 288 368 288 0
w 416 208 368 208 0
w 240 128 304 128 0
w 304 128 368 128 0
w 240 288 304 288 0
w 304 288 368 288 0
x -55 137 224 140 4 24 Digipots,\scoarse\sand\sfine
174 208 208 128 224 1 100000 0.9950000000000001 Coarse
w 416 208 464 208 0
r 464 208 464 288 0 220000
w 416 288 464 288 0
r 64 192 64 288 0 150000
w 160 288 64 288 0
174 112 176 32 192 1 100000 0.9950000000000001 fine
w 112 176 208 208 0
x 496 296 724 299 4 13 Bigger\sthan\s150k,\sto\sallow\sbelow\szero
x 205 -23 505 -20 4 24 ~2mV/V\sload\scell\ssimulator
