$ 1 0.000005 10.20027730826997 49 10 62 5e-11
v 704 368 704 48 0 0 40 5 0 0 0.5
w 704 48 304 48 0
r 368 128 368 208 0 330
r 368 208 368 288 0 330
w 704 368 304 368 0
w 304 48 304 128 0
w 304 368 304 288 0
r 416 208 416 288 0 33000
r 176 208 240 208 0 33000
O 368 128 432 128 1 0
O 464 208 528 208 1 0
r 240 208 240 128 0 330
p 240 208 368 208 3 0 0
r 240 288 240 208 0 330
w 80 320 240 288 0
w 416 288 368 288 0
w 416 208 368 208 0
w 240 128 304 128 0
w 304 128 368 128 0
w 240 288 304 288 0
w 304 288 368 288 0
174 0 240 32 192 1 100000 0.0446 Coarse
w 416 208 464 208 0
w -32 256 -32 320 0
w -176 352 -128 352 0
r -128 240 -128 352 0 470
f -128 240 -32 240 32 1.5 0.02
r -176 240 -128 240 0 1000
v -176 352 -176 240 0 2 4000 2.5 2.5 0 1
w -32 320 0 320 0
w -32 224 -32 160 0
w 128 192 128 160 0
w -32 160 128 160 0
w 176 272 176 224 0
c 288 240 320 240 0 0.00001 0.00332936115670579 0.001
w 320 240 368 208 0
w 288 240 240 208 0
S 176 208 128 208 0 0 false 0 2
w 128 224 112 224 0
r 464 208 464 288 0 220000
w 416 288 464 288 0
r 112 272 64 272 0 150000
s 112 272 112 224 0 1 false
174 32 304 64 256 1 100000 0.7079000000000001 fine
w 112 224 80 208 0
w 80 208 32 208 0
w 0 240 0 320 0
w 0 320 32 320 0
w 32 304 32 320 0
w 32 320 80 320 0
o 12 64 0 12290 0.00332936115670579 0.0001 0 1
38 28 F1 5 0 100 -1 Duty\sCycle
